
1 0 0.0833333333333333 0.0833333333333333
2 0 0.0833333333333333 0.375
3 0 0.180555555555556 0
4 0 0.229166666666667 -0.125
5 0 0.183333333333333 -0.0833333333333333
6 0 0.152777777777778 0
7 0 0.113095238095238 0.291666666666667
8 0 0.0833333333333333 -0.375
9 0 0.0648148148148148 0.291666666666667
10 0 0.05 -0.25
11 0 0.0454545454545454 0
12 0 0.0416666666666667 0
13 0 0.0608974358974359 -0.125
14 0 0.0773809523809524 0
15 0 0.0472222222222222 0
16 0 0.0208333333333333 0
17 0 0.0367647058823529 0.291666666666667
18 0 0.0509259259259259 -0.375
19 0 0.0350877192982456 0
20 0 0.0208333333333334 0
21 0 0.0198412698412698 0.375
22 0 0.0189393939393939 0.291666666666667
23 0 0.0181159420289855 0
24 0 0.0173611111111111 -0.125
25 0 0.0116666666666667 0.0833333333333333
26 0 0.00641025641025642 0
27 0 0.00617283950617284 0.179487179487179
28 0 0.00595238095238096 -0.153846153846154
29 0 0.00574712643678161 0
30 0 0.00555555555555555 0.0512820512820513
31 0 0.0053763440860215 0.0476190476190476
32 0 0.00520833333333334 -0.0476190476190476
33 0 0.0138888888888889 -0.142857142857143
34 0 0.0220588235294118 0.0476190476190476
35 0 0.0107142857142857 -0.19047619047619
36 0 1.38777878078145E-17 -0.0952380952380952
37 0 3.46944695195361E-18 0
38 0 0 0.0952380952380952
39 0 1.04083408558608E-17 0.285714285714286
40 0 1.04083408558608E-17 -0.333333333333333
41 0 0.00914634146341463 -0.111111111111111
42 0 0.0178571428571429 0.0555555555555556
43 0 0.0242248062015504 -0.166666666666667
44 0 0.0303030303030303 0.0555555555555556
45 0 0.0296296296296296 0
46 0 0.0289855072463768 0.222222222222222
47 0 0.025709219858156 0
48 0 0.0225694444444444 0.111111111111111
49 0 0.0238095238095238 -0.138888888888889
50 0 0.025 0
51 0 0.0245098039215686 -0.533333333333333
52 0 0.0240384615384616 0.0444444444444444
53 0 0.0269714562167392 0
54 0 0.0297958214624881 0
55 0 0.0264568764568765 0.0444444444444444
56 0 0.0232371794871795 -0.037037037037037
57 0 0.0228295096716149 0
58 0 0.0224358974358974 0.444444444444444
59 0 0.0229248152976967 -0.166666666666667
60 0 0.0233974358974359 0
61 0 0.0237945114994295 0.037037037037037
62 0 0.0241787782110363 0.037037037037037
63 0 0.0230391301819873 0.037037037037037
64 0 0.0219350961538462 0
65 0 0.0193998309382925 0.037037037037037
66 0 0.016941391941392 -0.0476190476190476
67 0 0.0173992673992674 -0.0476190476190476
68 0 0.0178436759319112 0.0952380952380952
69 0 0.0148245474332431 -0.0476190476190476
70 0 0.0118916797488226 -0.0952380952380952
71 0 0.0103828096785843 0
72 0 0.00891585266585267 -0.142857142857143
73 0 0.00879371769782729 -0.142857142857143
74 0 0.00867488367488368 -0.142857142857143
75 0 0.00982905982905983 0.0952380952380952
76 0 0.0109528629265471 -0.285714285714286
77 0 0.0145211930926217 0
78 0 0.0179980276134122 0.285714285714286
79 0 0.0135507951963648 0.0952380952380952
80 0 0.0092147435897436 0.0952380952380952
81 0 0.0077292392107207 -0.0952380952380952
82 0 0.0062799666458203 0
83 0 0.0068736484399135 -0.0909090909090909
84 0 0.00745319495319495 -0.181818181818182
85 0 0.00540472599296129 -0.0909090909090909
86 0 0.00340389584575631 0.363636363636364
87 0 0.00400334021023676 0.151515151515152
88 0 0.00458916083916084 -0.0909090909090909
89 0 0.00453759723422646 0
90 0 0.00448717948717949 0.181818181818182
91 0 0.00687987226448765 0.0909090909090909
92 0 0.00922054998141956 0.636363636363636
93 0 0.00912140428269461 0
94 0 0.00902436806692126 0
95 0 0.0100989653621233 0
96 0 0.0111511752136752 -0.0625
97 0 0.0096043704291127 -0.125
98 0 0.00808913308913309 -0.4375
99 0 0.00800742467409134 0
100 0 0.00792735042735042 0.0416666666666667
101 0 0.00256833375645257 0
102 0 -0.00268560415619238 -0.4375
103 0 -0.00222803086880756 0
104 0 -0.0017792570677186 0.0416666666666667
105 0 -0.00176231176231175 0
106 0 -0.00174568617964844 0.270833333333333
107 0 -0.00172937135553958 0
108 0 -0.0017133586578031 0.0416666666666667
109 0 -0.00128989257429624 0
110 0 -0.000874125874125877 0.0833333333333333
111 0 -0.00119991786658453 0
112 0 -0.00151989214489214 0
113 0 -0.0015064417719285 -0.25
114 0 -0.00149322737042035 0
115 0 0.00238449151492629 -0.125
116 0 0.0061953531781118 0
117 0 0.00471790001704532 0
118 0 0.00326548843497996 0.0833333333333333
119 0 0.00323804735569441 0.0833333333333333
120 0 0.0032110636277303 0
121 0 0.00349061712698077 0.0833333333333333
122 0 0.00376558778198123 0
123 0 0.0040360873694207 0.291666666666667
124 0 0.00430222406028858 0
125 0 0.00456410256410256 -0.4
126 0 0.00482182426626871 -0.4
127 0 0.00478385714606187 0
128 0 0.00474648326210827 0
129 0 0.00499679763245655 0.466666666666667
130 0 0.00524326101249179 -0.244444444444444
131 0 0.00483973193896858 0.0444444444444444
132 0 0.00444231694231694 -0.111111111111111
133 0 0.00405087811102849 -0.037037037037037
134 0 0.00366528165035628 0.444444444444444
135 0 0.00434359878804324 0
136 0 0.00501194067370538 0
137 0 0.00462777287594806 0.037037037037037
138 0 0.0042491727274336 -0.0555555555555556
139 0 0.0035334369866744 0
140 0 0.00282792604221176 -0.259259259259259
141 0 0.00280786982914642 0.037037037037037
142 0 0.00278809609795525 -0.240740740740741
143 0 0.00176959792344408 0.0833333333333333
144 0 0.000765245556912222 0
145 0 -0.000225253673529536 -0.125
146 0 -0.0012021844213625 0.0833333333333333
147 0 -0.00216582359439502 0.0833333333333333
148 0 -0.00311644061644061 -0.291666666666667
149 0 -0.00245634306036991 0.0833333333333333
150 0 -0.00180504680504681 0
